cnc@debian:~/Desktop/MY_GIT/t$ hexdump -v -e '16/1 "%02X " "\n"' 1.bin
B3 13 00 00 00 00 00 00 DD DA 00 00 10 10 00 00
B3 13 00 00 DB 4B 00 00 00 00 00 00 00 00 00 00
B3 13 00 00 DB 4B 00 00 DD DA 00 00 00 FF 00 00
DD DA 00 00 DB 4B 00 00 00 00 DF FB 00 00 00 00
00 00 00 00 00 00 00 00 00 00 00 00 00 00 00 00
00 00 00 00 00 00 00 00 00 00 00 00 00 00 00 00
00 00 00 00 00 00 00 00 00 00 00 00 00 FF 00 00
00 00 00 00 00 00 00 00 00 00 00 00 00 00 00 00
07 75 00 00 00 00 00 00 07 76 00 00 FC 10 00 00
07 75 00 00 07 76 00 00 00 00 00 00 00 00 00 00
07 75 00 00 07 76 00 00 07 76 00 00 00 FF 00 00
07 76 00 00 07 76 00 00 00 00 69 5A 00 00 00 00
00 00 00 00 00 00 00 00 00 00 00 00 00 FF 00 00
00 00 00 00 00 00 00 00 00 00 00 00 00 00 00 00
00 00 00 00 00 00 00 00 00 00 00 00 00 FF 00 00
00 00 00 00 00 00 00 00 00 00 00 00 00 00 00 00
cnc@debian:~/Desktop/MY_GIT/t$ 
cnc@debian:~/Desktop/MY_GIT/t$ hexdump -v -e '16/1 "%02X " "\n"' 2.bin
7C 28 00 00 00 00 00 00 7B 6F 00 00 10 10 00 00
7C 28 00 00 95 79 00 00 00 00 00 00 00 00 00 00
7C 28 00 00 95 79 00 00 7B 6F 00 00 00 FF 00 00
7B 6F 00 00 95 79 00 00 00 00 DF FB 00 00 00 00
00 00 00 00 00 00 00 00 00 00 00 00 00 00 00 00
00 00 00 00 00 00 00 00 00 00 00 00 00 00 00 00
00 00 00 00 00 00 00 00 00 00 00 00 00 FF 00 00
00 00 00 00 00 00 00 00 00 00 00 00 00 00 00 00
0A 94 00 00 00 00 00 00 0A 94 00 00 FC 10 00 00
0A 94 00 00 0A 94 00 00 00 00 00 00 00 00 00 00
0A 94 00 00 0A 94 00 00 0A 94 00 00 00 FF 00 00
0A 94 00 00 0A 94 00 00 00 00 69 5A 00 00 00 00
00 00 00 00 00 00 00 00 00 00 00 00 00 FF 00 00
00 00 00 00 00 00 00 00 00 00 00 00 00 00 00 00
00 00 00 00 00 00 00 00 00 00 00 00 00 FF 00 00
00 00 00 00 00 00 00 00 00 00 00 00 00 00 00 00
cnc@debian:~/Desktop/MY_GIT/t$ 
cnc@debian:~/Desktop/MY_GIT/t$ 
cnc@debian:~/Desktop/MY_GIT/t$ hexdump -v -e '16/1 "%02X " "\n"' 3.bin
7E 3C 00 00 00 00 00 00 7F C7 00 00 10 10 00 00
7E 3C 00 00 18 F0 00 00 00 00 00 00 00 00 00 00
7E 3C 00 00 18 F0 00 00 7F C7 00 00 00 FF 00 00
7F C7 00 00 18 F0 00 00 00 00 DF FB 00 00 00 00
00 00 00 00 00 00 00 00 00 00 00 00 00 00 00 00
00 00 00 00 00 00 00 00 00 00 00 00 00 00 00 00
00 00 00 00 00 00 00 00 00 00 00 00 00 FF 00 00
00 00 00 00 00 00 00 00 00 00 00 00 00 00 00 00
0B 15 00 00 00 00 00 00 0B 15 00 00 FC 10 00 00
0B 15 00 00 0B 1F 00 00 00 00 00 00 00 00 00 00
0B 15 00 00 0B 1F 00 00 0B 15 00 00 00 FF 00 00
0B 15 00 00 0B 1F 00 00 00 00 69 5A 00 00 00 00
00 00 00 00 00 00 00 00 00 00 00 00 00 FF 00 00
00 00 00 00 00 00 00 00 00 00 00 00 00 00 00 00
00 00 00 00 00 00 00 00 00 00 00 00 00 FF 00 00
00 00 00 00 00 00 00 00 00 00 00 00 00 00 00 00
cnc@debian:~/Desktop/MY_GIT/t$ 
cnc@debian:~/Desktop/MY_GIT/t$ hexdump -v -e '16/1 "%02X " "\n"' 4.bin
7F D0 00 00 00 00 00 00 6E CD 00 00 10 10 00 00
7F D0 00 00 85 21 00 00 00 00 00 00 00 00 00 00
7F D0 00 00 85 21 00 00 6E CD 00 00 00 FF 00 00
6E CD 00 00 85 21 00 00 00 00 DF FB 00 00 00 00
00 00 00 00 00 00 00 00 00 00 00 00 00 00 00 00
00 00 00 00 00 00 00 00 00 00 00 00 00 00 00 00
00 00 00 00 00 00 00 00 00 00 00 00 00 FF 00 00
00 00 00 00 00 00 00 00 00 00 00 00 00 00 00 00
07 00 00 00 00 00 00 00 06 FC 00 00 FC 10 00 00
07 00 00 00 07 01 00 00 00 00 00 00 00 00 00 00
07 00 00 00 07 01 00 00 06 FC 00 00 00 FF 00 00
06 FC 00 00 07 01 00 00 00 00 69 5A 00 00 00 00
00 00 00 00 00 00 00 00 00 00 00 00 00 FF 00 00
00 00 00 00 00 00 00 00 00 00 00 00 00 00 00 00
00 00 00 00 00 00 00 00 00 00 00 00 00 FF 00 00
00 00 00 00 00 00 00 00 00 00 00 00 00 00 00 00
cnc@debian:~/Desktop/MY_GIT/t$ 
